sample	 AHL	 IPTG	 fluo	 gate	 mean	 sd
G	 0	 0	 GREEN	 1	 523.5	 13.4350288425444
G	 0	 0	 GREEN	 2	 NA	 NA
G	 0	 0	 RED	 1	 295	 4.24264068711928
G	 0	 0	 RED	 2	 NA	 NA
G	 0	 0.0625	 GREEN	 1	 499	 NA
G	 0	 0.0625	 GREEN	 2	 NA	 NA
G	 0	 0.0625	 RED	 1	 371	 NA
G	 0	 0.0625	 RED	 2	 NA	 NA
G	 0	 0.125	 GREEN	 1	 516.5	 13.4350288425444
G	 0	 0.125	 RED	 1	 403.5	 4.94974746830583
G	 0	 0.25	 GREEN	 1	 508	 NA
G	 0	 0.25	 GREEN	 2	 NA	 NA
G	 0	 0.25	 RED	 1	 417	 NA
G	 0	 0.25	 RED	 2	 NA	 NA
G	 0	 0.5	 GREEN	 1	 508.5	 17.6776695296637
G	 0	 0.5	 GREEN	 2	 NA	 NA
G	 0	 0.5	 RED	 1	 427	 4.24264068711928
G	 0	 0.5	 RED	 2	 NA	 NA
G	 0	 1	 GREEN	 1	 525.5	 26.1629509039023
G	 0	 1	 RED	 1	 442	 5.65685424949238
G	 0.003125	 0	 GREEN	 1	 584.5	 28.9913780286484
G	 0.003125	 0	 GREEN	 2	 NA	 NA
G	 0.003125	 0	 RED	 1	 288	 0
G	 0.003125	 0	 RED	 2	 NA	 NA
G	 0.003125	 0.0625	 GREEN	 1	 583.5	 9.19238815542512
G	 0.003125	 0.0625	 GREEN	 2	 NA	 NA
G	 0.003125	 0.0625	 RED	 1	 367	 12.7279220613579
G	 0.003125	 0.0625	 RED	 2	 NA	 NA
G	 0.003125	 0.125	 GREEN	 1	 581.5	 9.19238815542512
G	 0.003125	 0.125	 GREEN	 2	 NA	 NA
G	 0.003125	 0.125	 RED	 1	 384.5	 9.19238815542512
G	 0.003125	 0.125	 RED	 2	 NA	 NA
G	 0.003125	 0.25	 GREEN	 1	 574.5	 12.0208152801713
G	 0.003125	 0.25	 GREEN	 2	 NA	 NA
G	 0.003125	 0.25	 RED	 1	 400.5	 7.77817459305202
G	 0.003125	 0.25	 RED	 2	 NA	 NA
G	 0.003125	 0.5	 GREEN	 1	 546	 16.9705627484771
G	 0.003125	 0.5	 GREEN	 2	 325	 19.7989898732233
G	 0.003125	 0.5	 RED	 1	 426	 8.48528137423857
G	 0.003125	 0.5	 RED	 2	 475	 21.2132034355964
G	 0.003125	 1	 GREEN	 1	 508	 15.556349186104
G	 0.003125	 1	 GREEN	 2	 332.5	 20.5060966544099
G	 0.003125	 1	 RED	 1	 467.5	 19.0918830920368
G	 0.003125	 1	 RED	 2	 489.5	 16.2634559672906
G	 0.00625	 0	 GREEN	 1	 652	 60.8111831820431
G	 0.00625	 0	 RED	 1	 291	 1.4142135623731
G	 0.00625	 0.0625	 GREEN	 1	 645.5	 26.1629509039023
G	 0.00625	 0.0625	 RED	 1	 355.5	 50.2045814642449
G	 0.00625	 0.125	 GREEN	 1	 633.5	 12.0208152801713
G	 0.00625	 0.125	 RED	 1	 364.5	 60.1040764008565
G	 0.00625	 0.25	 GREEN	 1	 626.5	 9.19238815542512
G	 0.00625	 0.25	 GREEN	 2	 NA	 NA
G	 0.00625	 0.25	 RED	 1	 370	 77.7817459305202
G	 0.00625	 0.25	 RED	 2	 NA	 NA
G	 0.00625	 0.5	 GREEN	 1	 544	 19.7989898732233
G	 0.00625	 0.5	 GREEN	 2	 335.5	 19.0918830920368
G	 0.00625	 0.5	 RED	 1	 414	 97.5807358037436
G	 0.00625	 0.5	 RED	 2	 492	 39.5979797464467
G	 0.00625	 1	 GREEN	 1	 547.5	 64.3467170879758
G	 0.00625	 1	 GREEN	 2	 333.5	 0.707106781186548
G	 0.00625	 1	 RED	 1	 470	 110.308657865101
G	 0.00625	 1	 RED	 2	 505.5	 26.1629509039023
G	 0.0125	 0	 GREEN	 1	 726	 83.4386001800126
G	 0.0125	 0	 RED	 1	 286.5	 2.12132034355964
G	 0.0125	 0.0625	 GREEN	 1	 698.5	 19.0918830920368
G	 0.0125	 0.0625	 RED	 1	 336	 29.698484809835
G	 0.0125	 0.125	 GREEN	 1	 668.5	 6.36396103067893
G	 0.0125	 0.125	 GREEN	 2	 NA	 NA
G	 0.0125	 0.125	 RED	 1	 345.5	 40.3050865276332
G	 0.0125	 0.125	 RED	 2	 NA	 NA
G	 0.0125	 0.25	 GREEN	 1	 678.5	 17.6776695296637
G	 0.0125	 0.25	 GREEN	 2	 NA	 NA
G	 0.0125	 0.25	 RED	 1	 383.5	 10.6066017177982
G	 0.0125	 0.25	 RED	 2	 NA	 NA
G	 0.0125	 0.5	 GREEN	 1	 656.5	 0.707106781186548
G	 0.0125	 0.5	 GREEN	 2	 336.5	 17.6776695296637
G	 0.0125	 0.5	 RED	 1	 504.5	 7.77817459305202
G	 0.0125	 0.5	 RED	 2	 518.5	 7.77817459305202
G	 0.0125	 1	 GREEN	 1	 692	 2.82842712474619
G	 0.0125	 1	 GREEN	 2	 358	 26.8700576850888
G	 0.0125	 1	 RED	 1	 586	 9.89949493661167
G	 0.0125	 1	 RED	 2	 544.5	 17.6776695296637
G	 0.025	 0	 GREEN	 1	 781	 138.592929112563
G	 0.025	 0	 GREEN	 2	 NA	 NA
G	 0.025	 0	 RED	 1	 287.5	 3.53553390593274
G	 0.025	 0	 RED	 2	 NA	 NA
G	 0.025	 0.0625	 GREEN	 1	 722.5	 98.2878425849301
G	 0.025	 0.0625	 GREEN	 2	 NA	 NA
G	 0.025	 0.0625	 RED	 1	 349.5	 14.8492424049175
G	 0.025	 0.0625	 RED	 2	 NA	 NA
G	 0.025	 0.125	 GREEN	 1	 706	 80.6101730552664
G	 0.025	 0.125	 GREEN	 2	 NA	 NA
G	 0.025	 0.125	 RED	 1	 358	 11.3137084989848
G	 0.025	 0.125	 RED	 2	 NA	 NA
G	 0.025	 0.25	 GREEN	 1	 657.5	 9.19238815542512
G	 0.025	 0.25	 GREEN	 2	 272.25	 7.42462120245875
G	 0.025	 0.25	 RED	 1	 365	 0
G	 0.025	 0.25	 RED	 2	 477.75	 26.5165042944955
G	 0.025	 0.5	 GREEN	 1	 604.5	 23.3345237791561
G	 0.025	 0.5	 GREEN	 2	 290	 5.65685424949238
G	 0.025	 0.5	 RED	 1	 521.5	 7.77817459305202
G	 0.025	 0.5	 RED	 2	 532.5	 10.6066017177982
G	 0.025	 1	 GREEN	 1	 620.25	 32.1733585439879
G	 0.025	 1	 GREEN	 2	 316.5	 14.8492424049175
G	 0.025	 1	 RED	 1	 584.5	 9.19238815542512
G	 0.025	 1	 RED	 2	 557	 18.3847763108502
G	 0.05	 0	 GREEN	 1	 735	 90.5096679918781
G	 0.05	 0	 GREEN	 2	 NA	 NA
G	 0.05	 0	 RED	 1	 284	 1.4142135623731
G	 0.05	 0	 RED	 2	 NA	 NA
G	 0.05	 0.0625	 GREEN	 1	 756	 16.9705627484771
G	 0.05	 0.0625	 GREEN	 2	 NA	 NA
G	 0.05	 0.0625	 RED	 1	 385	 1.4142135623731
G	 0.05	 0.0625	 RED	 2	 NA	 NA
G	 0.05	 0.125	 GREEN	 1	 753	 12.7279220613579
G	 0.05	 0.125	 GREEN	 2	 NA	 NA
G	 0.05	 0.125	 RED	 1	 400	 1.4142135623731
G	 0.05	 0.125	 RED	 2	 NA	 NA
G	 0.05	 0.25	 GREEN	 1	 767	 25.4558441227157
G	 0.05	 0.25	 GREEN	 2	 299.5	 13.4350288425444
G	 0.05	 0.25	 RED	 1	 432	 15.556349186104
G	 0.05	 0.25	 RED	 2	 580	 21.2132034355964
G	 0.05	 0.5	 GREEN	 1	 NA	 NA
G	 0.05	 0.5	 GREEN	 2	 351	 16.9705627484771
G	 0.05	 0.5	 RED	 1	 NA	 NA
G	 0.05	 0.5	 RED	 2	 649.5	 2.12132034355964
G	 0.05	 1	 GREEN	 1	 NA	 NA
G	 0.05	 1	 GREEN	 2	 353.5	 21.920310216783
G	 0.05	 1	 RED	 1	 NA	 NA
G	 0.05	 1	 RED	 2	 664	 16.9705627484771
G	 0.1	 0	 GREEN	 1	 755	 11.3137084989848
G	 0.1	 0	 GREEN	 2	 NA	 NA
G	 0.1	 0	 RED	 1	 285	 0
G	 0.1	 0	 RED	 2	 NA	 NA
G	 0.1	 0.0625	 GREEN	 1	 751.5	 9.19238815542512
G	 0.1	 0.0625	 GREEN	 2	 NA	 NA
G	 0.1	 0.0625	 RED	 1	 336	 4.24264068711928
G	 0.1	 0.0625	 RED	 2	 NA	 NA
G	 0.1	 0.125	 GREEN	 1	 741	 1.4142135623731
G	 0.1	 0.125	 GREEN	 2	 NA	 NA
G	 0.1	 0.125	 RED	 1	 329.5	 37.476659402887
G	 0.1	 0.125	 RED	 2	 NA	 NA
G	 0.1	 0.25	 GREEN	 1	 718	 NA
G	 0.1	 0.25	 GREEN	 2	 274	 NA
G	 0.1	 0.25	 RED	 1	 334	 NA
G	 0.1	 0.25	 RED	 2	 506	 NA
G	 0.1	 0.5	 GREEN	 1	 365	 NA
G	 0.1	 0.5	 GREEN	 2	 315	 NA
G	 0.1	 0.5	 RED	 1	 401	 NA
G	 0.1	 0.5	 RED	 2	 544	 NA
G	 0.1	 1	 GREEN	 1	 383	 NA
G	 0.1	 1	 GREEN	 2	 323	 NA
G	 0.1	 1	 RED	 1	 410	 NA
G	 0.1	 1	 RED	 2	 560	 NA
G	 10	 0	 GREEN	 1	 NA	 NA
G	 10	 0	 GREEN	 2	 NA	 NA
G	 10	 0	 RED	 1	 NA	 NA
G	 10	 0	 RED	 2	 NA	 NA
G	 10	 0.0625	 GREEN	 1	 867	 NA
G	 10	 0.0625	 GREEN	 2	 271	 NA
G	 10	 0.0625	 RED	 1	 316	 NA
G	 10	 0.0625	 RED	 2	 540	 NA
G	 10	 0.125	 GREEN	 1	 785	 93.3380951166243
G	 10	 0.125	 GREEN	 2	 273.5	 9.19238815542512
G	 10	 0.125	 RED	 1	 338	 9.89949493661167
G	 10	 0.125	 RED	 2	 466	 22.6274169979695
G	 10	 0.25	 GREEN	 1	 NA	 NA
G	 10	 0.25	 GREEN	 2	 281	 9.89949493661167
G	 10	 0.25	 RED	 1	 NA	 NA
G	 10	 0.25	 RED	 2	 710	 9.89949493661167
G	 10	 0.5	 GREEN	 1	 NA	 NA
G	 10	 0.5	 GREEN	 2	 291.5	 24.7487373415292
G	 10	 0.5	 RED	 1	 NA	 NA
G	 10	 0.5	 RED	 2	 748.5	 30.4055915910215
G	 10	 1	 GREEN	 1	 NA	 NA
G	 10	 1	 GREEN	 2	 289.5	 16.2634559672906
G	 10	 1	 RED	 1	 NA	 NA
G	 10	 1	 RED	 2	 750.5	 19.0918830920368
R	 0	 0	 GREEN	 1	 509	 15.556349186104
R	 0	 0	 GREEN	 2	 NA	 NA
R	 0	 0	 RED	 1	 293.5	 7.77817459305202
R	 0	 0	 RED	 2	 NA	 NA
R	 0	 0.0625	 GREEN	 1	 520.5	 4.94974746830583
R	 0	 0.0625	 GREEN	 2	 NA	 NA
R	 0	 0.0625	 RED	 1	 389	 0
R	 0	 0.0625	 RED	 2	 NA	 NA
R	 0	 0.125	 GREEN	 1	 517.5	 2.12132034355964
R	 0	 0.125	 GREEN	 2	 NA	 NA
R	 0	 0.125	 RED	 1	 408	 1.4142135623731
R	 0	 0.125	 RED	 2	 NA	 NA
R	 0	 0.25	 GREEN	 1	 513.5	 6.36396103067893
R	 0	 0.25	 GREEN	 2	 NA	 NA
R	 0	 0.25	 RED	 1	 424.5	 4.94974746830583
R	 0	 0.25	 RED	 2	 NA	 NA
R	 0	 0.5	 GREEN	 1	 517	 15.556349186104
R	 0	 0.5	 GREEN	 2	 NA	 NA
R	 0	 0.5	 RED	 1	 436.5	 6.36396103067893
R	 0	 0.5	 RED	 2	 NA	 NA
R	 0	 1	 GREEN	 1	 527.5	 13.4350288425444
R	 0	 1	 GREEN	 2	 NA	 NA
R	 0	 1	 RED	 1	 445.5	 7.77817459305202
R	 0	 1	 RED	 2	 NA	 NA
R	 0.003125	 0	 GREEN	 1	 593.25	 1.76776695296637
R	 0.003125	 0	 GREEN	 2	 NA	 NA
R	 0.003125	 0	 RED	 1	 298.5	 0.707106781186548
R	 0.003125	 0	 RED	 2	 NA	 NA
R	 0.003125	 0.0625	 GREEN	 1	 600.5	 13.4350288425444
R	 0.003125	 0.0625	 GREEN	 2	 NA	 NA
R	 0.003125	 0.0625	 RED	 1	 379.5	 0.707106781186548
R	 0.003125	 0.0625	 RED	 2	 NA	 NA
R	 0.003125	 0.125	 GREEN	 1	 586	 21.2132034355964
R	 0.003125	 0.125	 GREEN	 2	 NA	 NA
R	 0.003125	 0.125	 RED	 1	 398	 1.4142135623731
R	 0.003125	 0.125	 RED	 2	 NA	 NA
R	 0.003125	 0.25	 GREEN	 1	 549	 41.0121933088198
R	 0.003125	 0.25	 GREEN	 2	 339	 4.24264068711928
R	 0.003125	 0.25	 RED	 1	 440.5	 3.53553390593274
R	 0.003125	 0.25	 RED	 2	 489.5	 4.94974746830583
R	 0.003125	 0.5	 GREEN	 1	 532.5	 37.476659402887
R	 0.003125	 0.5	 GREEN	 2	 336.75	 3.88908729652601
R	 0.003125	 0.5	 RED	 1	 473	 2.82842712474619
R	 0.003125	 0.5	 RED	 2	 497	 8.48528137423857
R	 0.003125	 1	 GREEN	 1	 536.5	 48.7903679018718
R	 0.003125	 1	 GREEN	 2	 341.5	 2.12132034355964
R	 0.003125	 1	 RED	 1	 504.5	 26.1629509039023
R	 0.003125	 1	 RED	 2	 509.5	 17.6776695296637
R	 0.00625	 0	 GREEN	 1	 644.5	 6.36396103067893
R	 0.00625	 0	 GREEN	 2	 NA	 NA
R	 0.00625	 0	 RED	 1	 297.5	 6.36396103067893
R	 0.00625	 0	 RED	 2	 NA	 NA
R	 0.00625	 0.0625	 GREEN	 1	 667	 1.4142135623731
R	 0.00625	 0.0625	 GREEN	 2	 NA	 NA
R	 0.00625	 0.0625	 RED	 1	 381.5	 3.53553390593274
R	 0.00625	 0.0625	 RED	 2	 NA	 NA
R	 0.00625	 0.125	 GREEN	 1	 601.5	 37.476659402887
R	 0.00625	 0.125	 GREEN	 2	 341	 2.82842712474619
R	 0.00625	 0.125	 RED	 1	 417	 0
R	 0.00625	 0.125	 RED	 2	 499.5	 9.19238815542512
R	 0.00625	 0.25	 GREEN	 1	 595	 49.4974746830583
R	 0.00625	 0.25	 GREEN	 2	 337	 8.48528137423857
R	 0.00625	 0.25	 RED	 1	 480	 12.7279220613579
R	 0.00625	 0.25	 RED	 2	 511.5	 6.36396103067893
R	 0.00625	 0.5	 GREEN	 1	 611.5	 40.3050865276332
R	 0.00625	 0.5	 GREEN	 2	 340.5	 9.19238815542512
R	 0.00625	 0.5	 RED	 1	 531	 0
R	 0.00625	 0.5	 RED	 2	 530	 11.3137084989848
R	 0.00625	 1	 GREEN	 1	 637.75	 41.365746699413
R	 0.00625	 1	 GREEN	 2	 349	 18.3847763108502
R	 0.00625	 1	 RED	 1	 569	 22.6274169979695
R	 0.00625	 1	 RED	 2	 543.5	 19.0918830920368
R	 0.0125	 0	 GREEN	 1	 715.75	 12.3743686707646
R	 0.0125	 0	 GREEN	 2	 NA	 NA
R	 0.0125	 0	 RED	 1	 296	 2.82842712474619
R	 0.0125	 0	 RED	 2	 NA	 NA
R	 0.0125	 0.0625	 GREEN	 1	 732.5	 6.36396103067893
R	 0.0125	 0.0625	 GREEN	 2	 NA	 NA
R	 0.0125	 0.0625	 RED	 1	 393.5	 2.12132034355964
R	 0.0125	 0.0625	 RED	 2	 NA	 NA
R	 0.0125	 0.125	 GREEN	 1	 636	 49.4974746830583
R	 0.0125	 0.125	 GREEN	 2	 341	 1.4142135623731
R	 0.0125	 0.125	 RED	 1	 495.5	 4.94974746830583
R	 0.0125	 0.125	 RED	 2	 523	 7.07106781186548
R	 0.0125	 0.25	 GREEN	 1	 698.5	 14.8492424049175
R	 0.0125	 0.25	 GREEN	 2	 349	 5.65685424949238
R	 0.0125	 0.25	 RED	 1	 530.5	 37.476659402887
R	 0.0125	 0.25	 RED	 2	 543.5	 7.77817459305202
R	 0.0125	 0.5	 GREEN	 1	 694.5	 17.6776695296637
R	 0.0125	 0.5	 GREEN	 2	 361.5	 10.6066017177982
R	 0.0125	 0.5	 RED	 1	 590.75	 3.88908729652601
R	 0.0125	 0.5	 RED	 2	 566	 16.9705627484771
R	 0.0125	 1	 GREEN	 1	 708.5	 37.476659402887
R	 0.0125	 1	 GREEN	 2	 376	 29.698484809835
R	 0.0125	 1	 RED	 1	 620	 26.8700576850888
R	 0.0125	 1	 RED	 2	 581	 26.8700576850888
R	 0.025	 0	 GREEN	 1	 827.5	 28.9913780286484
R	 0.025	 0	 GREEN	 2	 NA	 NA
R	 0.025	 0	 RED	 1	 295	 1.4142135623731
R	 0.025	 0	 RED	 2	 NA	 NA
R	 0.025	 0.0625	 GREEN	 1	 715.5	 31.8198051533946
R	 0.025	 0.0625	 GREEN	 2	 355.5	 7.77817459305202
R	 0.025	 0.0625	 RED	 1	 417.5	 4.94974746830583
R	 0.025	 0.0625	 RED	 2	 530.5	 2.12132034355964
R	 0.025	 0.125	 GREEN	 1	 725	 19.7989898732233
R	 0.025	 0.125	 GREEN	 2	 351.5	 2.12132034355964
R	 0.025	 0.125	 RED	 1	 563.5	 7.77817459305202
R	 0.025	 0.125	 RED	 2	 566	 9.89949493661167
R	 0.025	 0.25	 GREEN	 1	 744.25	 17.3241161390704
R	 0.025	 0.25	 GREEN	 2	 367	 4.24264068711928
R	 0.025	 0.25	 RED	 1	 565.25	 61.8718433538229
R	 0.025	 0.25	 RED	 2	 589.5	 2.12132034355964
R	 0.025	 0.5	 GREEN	 1	 713	 NA
R	 0.025	 0.5	 GREEN	 2	 384.5	 9.19238815542512
R	 0.025	 0.5	 RED	 1	 653	 NA
R	 0.025	 0.5	 RED	 2	 619	 15.556349186104
R	 0.025	 1	 GREEN	 1	 NA	 NA
R	 0.025	 1	 GREEN	 2	 411.5	 34.6482322781408
R	 0.025	 1	 RED	 1	 NA	 NA
R	 0.025	 1	 RED	 2	 644.5	 36.0624458405139
R	 0.05	 0	 GREEN	 1	 877	 15.556349186104
R	 0.05	 0	 GREEN	 2	 NA	 NA
R	 0.05	 0	 RED	 1	 299	 0
R	 0.05	 0	 RED	 2	 NA	 NA
R	 0.05	 0.0625	 GREEN	 1	 739.25	 6.7175144212722
R	 0.05	 0.0625	 GREEN	 2	 368	 5.65685424949238
R	 0.05	 0.0625	 RED	 1	 543.25	 18.7383297014435
R	 0.05	 0.0625	 RED	 2	 589.5	 6.36396103067893
R	 0.05	 0.125	 GREEN	 1	 NA	 NA
R	 0.05	 0.125	 GREEN	 2	 387.5	 4.94974746830583
R	 0.05	 0.125	 RED	 1	 NA	 NA
R	 0.05	 0.125	 RED	 2	 633	 2.82842712474619
R	 0.05	 0.25	 GREEN	 1	 NA	 NA
R	 0.05	 0.25	 GREEN	 2	 403.5	 7.77817459305202
R	 0.05	 0.25	 RED	 1	 NA	 NA
R	 0.05	 0.25	 RED	 2	 663	 14.142135623731
R	 0.05	 0.5	 GREEN	 1	 NA	 NA
R	 0.05	 0.5	 GREEN	 2	 415.5	 12.0208152801713
R	 0.05	 0.5	 RED	 1	 NA	 NA
R	 0.05	 0.5	 RED	 2	 689	 16.9705627484771
R	 0.05	 1	 GREEN	 1	 NA	 NA
R	 0.05	 1	 GREEN	 2	 419	 24.0416305603426
R	 0.05	 1	 RED	 1	 NA	 NA
R	 0.05	 1	 RED	 2	 703	 42.4264068711929
R	 0.1	 0	 GREEN	 1	 875	 15.556349186104
R	 0.1	 0	 GREEN	 2	 551	 31.1126983722081
R	 0.1	 0	 RED	 1	 314	 5.65685424949238
R	 0.1	 0	 RED	 2	 672	 24.0416305603426
R	 0.1	 0.0625	 GREEN	 1	 NA	 NA
R	 0.1	 0.0625	 GREEN	 2	 404.5	 23.3345237791561
R	 0.1	 0.0625	 RED	 1	 NA	 NA
R	 0.1	 0.0625	 RED	 2	 656	 16.9705627484771
R	 0.1	 0.125	 GREEN	 1	 NA	 NA
R	 0.1	 0.125	 GREEN	 2	 406.5	 13.4350288425444
R	 0.1	 0.125	 RED	 1	 NA	 NA
R	 0.1	 0.125	 RED	 2	 688.5	 9.19238815542512
R	 0.1	 0.25	 GREEN	 1	 NA	 NA
R	 0.1	 0.25	 GREEN	 2	 400	 15.556349186104
R	 0.1	 0.25	 RED	 1	 NA	 NA
R	 0.1	 0.25	 RED	 2	 699.5	 13.4350288425444
R	 0.1	 0.5	 GREEN	 1	 NA	 NA
R	 0.1	 0.5	 GREEN	 2	 389.5	 10.6066017177982
R	 0.1	 0.5	 RED	 1	 NA	 NA
R	 0.1	 0.5	 RED	 2	 724	 19.7989898732233
R	 0.1	 1	 GREEN	 1	 NA	 NA
R	 0.1	 1	 GREEN	 2	 383.5	 6.36396103067893
R	 0.1	 1	 RED	 1	 NA	 NA
R	 0.1	 1	 RED	 2	 735.75	 33.587572106361
R	 10	 0	 GREEN	 1	 906.75	 14.4956890143242
R	 10	 0	 GREEN	 2	 450	 21.2132034355964
R	 10	 0	 RED	 1	 344.5	 7.77817459305202
R	 10	 0	 RED	 2	 820	 5.65685424949238
R	 10	 0.0625	 GREEN	 1	 NA	 NA
R	 10	 0.0625	 GREEN	 2	 354	 4.24264068711928
R	 10	 0.0625	 RED	 1	 NA	 NA
R	 10	 0.0625	 RED	 2	 803.5	 2.12132034355964
R	 10	 0.125	 GREEN	 1	 NA	 NA
R	 10	 0.125	 GREEN	 2	 330	 2.82842712474619
R	 10	 0.125	 RED	 1	 NA	 NA
R	 10	 0.125	 RED	 2	 785	 1.4142135623731
R	 10	 0.25	 GREEN	 1	 NA	 NA
R	 10	 0.25	 GREEN	 2	 316	 0
R	 10	 0.25	 RED	 1	 NA	 NA
R	 10	 0.25	 RED	 2	 769.5	 2.12132034355964
R	 10	 0.5	 GREEN	 1	 NA	 NA
R	 10	 0.5	 GREEN	 2	 308.5	 3.53553390593274
R	 10	 0.5	 RED	 1	 NA	 NA
R	 10	 0.5	 RED	 2	 756.5	 2.12132034355964
R	 10	 1	 GREEN	 1	 NA	 NA
R	 10	 1	 GREEN	 2	 305	 4.24264068711928
R	 10	 1	 RED	 1	 NA	 NA
R	 10	 1	 RED	 2	 748.5	 4.94974746830583
